6 0.298032 0.150391 0.055556 0.035156
6 0.548756 0.145833 0.060475 0.035156
6 0.457755 0.208659 0.049190 0.036241
6 0.788773 0.209635 0.045718 0.034288
6 0.882234 0.200521 0.044560 0.036024
6 0.305122 0.210938 0.050637 0.031684
6 0.459635 0.464084 0.048322 0.029731
8 0.304543 0.452365 0.049479 0.035373
7 0.627170 0.579861 0.046007 0.042535
7 0.324508 0.578993 0.067419 0.031684
9 0.777778 0.582574 0.055556 0.037109
1 0.540220 0.403537 0.043403 0.035373
0 0.782118 0.403103 0.046875 0.030599
2 0.303530 0.331163 0.059028 0.042535
0 0.709201 0.332574 0.057870 0.037977
10 0.542679 0.269748 0.062789 0.044271
