7 0.294850 0.585720 0.052083 0.034288
6 0.850260 0.533095 0.039062 0.036241
6 0.607639 0.480360 0.043981 0.031901
6 0.308883 0.468533 0.049479 0.032552
6 0.544271 0.366211 0.052083 0.030599
6 0.615307 0.399414 0.051215 0.030599
9 0.446759 0.526693 0.052662 0.035156
9 0.672743 0.522895 0.046875 0.042752
1 0.450231 0.413411 0.054398 0.035590
11 0.536603 0.276476 0.060475 0.046441
7 0.711082 0.223199 0.053530 0.041016
4 0.359520 0.281576 0.060475 0.037543
0 0.453559 0.339301 0.046007 0.029297
0 0.786314 0.327474 0.039062 0.035156
0 0.861690 0.272352 0.050347 0.036892
0 0.337384 0.367188 0.039931 0.032552
0 0.787616 0.411133 0.048611 0.034939
