6 0.306568 0.473090 0.036169 0.042535
9 0.451534 0.525065 0.053530 0.041016
6 0.606337 0.481011 0.046586 0.029297
9 0.674334 0.527669 0.047743 0.039280
6 0.849537 0.533854 0.041088 0.034288
7 0.293692 0.587674 0.056134 0.040799
6 0.542969 0.368056 0.040799 0.034288
6 0.617911 0.399414 0.046007 0.035807
11 0.539497 0.279297 0.066262 0.048611
7 0.714410 0.226671 0.038194 0.045356
1 0.453559 0.420030 0.052951 0.045356
0 0.788050 0.413086 0.040799 0.036241
0 0.790220 0.333550 0.041667 0.044705
0 0.867188 0.271918 0.045718 0.031250
0 0.455729 0.343859 0.052083 0.030599
0 0.343895 0.368707 0.042535 0.034288
4 0.365017 0.282227 0.071470 0.042752
