8 0.311198 0.146267 0.062789 0.039931
10 0.882668 0.132270 0.052951 0.057075
5 0.435330 0.200955 0.065104 0.051649
0 0.709201 0.201931 0.041088 0.035373
0 0.635706 0.273763 0.043403 0.030599
0 0.472222 0.334852 0.056713 0.035156
2 0.790509 0.333876 0.061343 0.037109
7 0.698206 0.396701 0.060185 0.041667
4 0.705584 0.463650 0.050637 0.034505
0 0.566262 0.461372 0.037616 0.029948
1 0.451678 0.457791 0.054398 0.035373
6 0.299769 0.581272 0.044560 0.025391
6 0.458912 0.570855 0.046875 0.040582
6 0.791233 0.596571 0.050637 0.036024
