6 0.297164 0.526476 0.057870 0.043403
6 0.373553 0.528429 0.049769 0.047309
6 0.455729 0.522678 0.046296 0.041450
6 0.533999 0.523112 0.052373 0.034505
6 0.605758 0.521593 0.046007 0.037543
6 0.693721 0.525499 0.051215 0.037543
6 0.765480 0.528429 0.055266 0.039497
6 0.848235 0.514648 0.055266 0.033637
7 0.291377 0.592122 0.072338 0.044488
11 0.382668 0.589627 0.055266 0.039497
9 0.446615 0.584744 0.051215 0.035373
10 0.524740 0.590603 0.055266 0.041450
11 0.605613 0.585720 0.059028 0.045573
9 0.685330 0.587674 0.050058 0.039497
8 0.768663 0.597982 0.064525 0.038411
7 0.855469 0.590169 0.051215 0.044488
0 0.286024 0.234484 0.056424 0.041450
0 0.370949 0.236111 0.047454 0.028646
0 0.453848 0.237522 0.050058 0.045356
0 0.529369 0.229058 0.048900 0.034505
0 0.598380 0.233073 0.052662 0.034722
0 0.682581 0.221788 0.047454 0.035590
0 0.759549 0.223307 0.051505 0.032552
0 0.838397 0.225260 0.046007 0.032552
1 0.291377 0.171875 0.067130 0.044271
2 0.359664 0.175456 0.048611 0.045356
3 0.456308 0.168945 0.057870 0.040582
4 0.527344 0.160048 0.050058 0.052300
5 0.608941 0.155599 0.063368 0.055122
3 0.688513 0.161024 0.056424 0.046441
2 0.761574 0.157552 0.052662 0.043403
1 0.845052 0.153212 0.054109 0.050347
