9 0.866464 0.576280 0.051794 0.035373
7 0.627170 0.585286 0.052951 0.039062
6 0.536748 0.474501 0.057870 0.037977
6 0.557292 0.386719 0.041088 0.032552
6 0.550058 0.271918 0.043403 0.032552
6 0.452980 0.209527 0.051794 0.037977
7 0.372106 0.401367 0.061343 0.037977
8 0.290654 0.330295 0.050637 0.040799
1 0.864005 0.398546 0.056713 0.037977
2 0.454861 0.332574 0.057870 0.036241
10 0.702546 0.278320 0.061343 0.050564
6 0.296730 0.209961 0.048322 0.038845
6 0.293113 0.152995 0.045718 0.042535
6 0.539641 0.148980 0.056713 0.036241
0 0.864149 0.213650 0.049479 0.038845
3 0.711516 0.141276 0.055556 0.040799
