4 0.611979 0.526584 0.056713 0.038845
1 0.535301 0.464084 0.047454 0.037543
0 0.702546 0.466688 0.052083 0.028863
0 0.680411 0.284071 0.036748 0.029948
6 0.785446 0.402235 0.046007 0.027561
6 0.385995 0.399740 0.039931 0.031250
6 0.461806 0.344184 0.043403 0.032552
6 0.385127 0.340278 0.046875 0.031250
6 0.691985 0.339627 0.044271 0.029948
6 0.386863 0.276801 0.046875 0.030599
6 0.773148 0.273220 0.043403 0.035156
6 0.450955 0.226128 0.042535 0.035156
1 0.537471 0.274957 0.055266 0.043403
9 0.611400 0.405382 0.050347 0.037760
