2 0.545573 0.337782 0.042535 0.037543
2 0.702546 0.288954 0.048611 0.037109
8 0.539931 0.467339 0.041667 0.034939
8 0.462095 0.236328 0.049190 0.036458
6 0.317853 0.297526 0.044850 0.027344
6 0.535301 0.517144 0.039352 0.027344
6 0.398293 0.410265 0.039062 0.033203
6 0.396991 0.525391 0.038194 0.031250
6 0.387731 0.232096 0.043403 0.031901
0 0.559606 0.222873 0.036458 0.033854
0 0.690249 0.231771 0.039062 0.028646
0 0.701244 0.465712 0.039062 0.030816
0 0.469763 0.468316 0.046007 0.024306
3 0.843027 0.405382 0.053530 0.035156
