9 0.770544 0.578342 0.048611 0.035156
8 0.528501 0.465495 0.046007 0.033854
6 0.693142 0.404731 0.046586 0.031250
6 0.376881 0.400933 0.044271 0.028863
0 0.699074 0.457031 0.041667 0.029948
0 0.615741 0.522135 0.045139 0.031250
0 0.528501 0.337457 0.042535 0.029514
0 0.774450 0.329427 0.046007 0.032552
6 0.386429 0.276801 0.042535 0.033203
6 0.535301 0.224826 0.042824 0.035156
6 0.619213 0.156467 0.048611 0.036458
6 0.707176 0.163194 0.054398 0.034288
9 0.865451 0.278646 0.050926 0.039497
2 0.618779 0.271701 0.044271 0.035590
