7 0.291956 0.589193 0.052662 0.044271
9 0.447772 0.582682 0.059317 0.043403
10 0.525463 0.584744 0.048611 0.041450
11 0.600405 0.585720 0.048611 0.049479
9 0.685330 0.588108 0.055266 0.036458
8 0.754919 0.597548 0.044560 0.039280
7 0.855613 0.592122 0.056713 0.044488
6 0.760851 0.526476 0.046007 0.039497
6 0.846933 0.521159 0.039352 0.048394
6 0.528791 0.476671 0.055266 0.034505
6 0.438513 0.482205 0.040799 0.035590
6 0.376157 0.472331 0.049769 0.033637
6 0.304543 0.479601 0.046007 0.036458
6 0.606337 0.360243 0.050058 0.036458
8 0.534722 0.408637 0.061921 0.046441
0 0.771267 0.418511 0.046007 0.034505
0 0.774595 0.323785 0.047454 0.032552
0 0.850984 0.269531 0.044560 0.036458
0 0.686487 0.227648 0.044850 0.039497
0 0.595775 0.229601 0.052662 0.035590
0 0.525318 0.231554 0.046007 0.035590
0 0.447917 0.342556 0.048611 0.024523
0 0.334057 0.374566 0.039641 0.035590
4 0.359086 0.288303 0.068287 0.044488
3 0.457755 0.168945 0.047454 0.046224
5 0.606337 0.156576 0.050058 0.063151
3 0.692564 0.160048 0.051215 0.040582
2 0.758825 0.157552 0.044850 0.043403
1 0.847078 0.153212 0.060475 0.042535
1 0.291956 0.171875 0.065972 0.044271
2 0.367622 0.169488 0.061632 0.053385
