6 0.294416 0.149848 0.050637 0.036241
6 0.540943 0.147244 0.044850 0.037977
6 0.785735 0.208225 0.054109 0.035373
6 0.882668 0.198785 0.050637 0.041667
6 0.456019 0.204210 0.043403 0.034288
6 0.303385 0.210069 0.049479 0.031684
10 0.534867 0.273329 0.054109 0.047960
8 0.307002 0.449653 0.056713 0.040799
7 0.322772 0.583008 0.061632 0.034505
7 0.627749 0.581272 0.059317 0.037977
9 0.776910 0.582031 0.052662 0.036892
6 0.457755 0.461372 0.052083 0.033420
2 0.304109 0.329861 0.055556 0.039931
0 0.782552 0.399848 0.050637 0.037109
0 0.705584 0.333442 0.048322 0.041450
1 0.537326 0.403971 0.044560 0.039714
