9 0.446470 0.528429 0.053819 0.039497
9 0.677951 0.590169 0.043403 0.044488
6 0.298611 0.475260 0.042245 0.031684
6 0.538628 0.371202 0.032697 0.038411
6 0.615596 0.404188 0.050058 0.037543
6 0.761574 0.523112 0.052662 0.040582
6 0.843027 0.539388 0.060475 0.035373
11 0.522135 0.461372 0.063368 0.043403
7 0.289931 0.590603 0.053819 0.041450
7 0.848958 0.599067 0.059028 0.038411
0 0.455006 0.344510 0.060475 0.034505
0 0.335359 0.368707 0.057870 0.037326
0 0.768663 0.420030 0.051215 0.037543
0 0.773293 0.327799 0.044850 0.034505
0 0.845052 0.273438 0.046007 0.036458
4 0.361690 0.288845 0.068287 0.047309
1 0.539207 0.222222 0.060475 0.052083
