7 0.295284 0.589627 0.054109 0.043403
7 0.870081 0.598090 0.067130 0.040365
6 0.774016 0.524089 0.046296 0.032552
6 0.847656 0.539280 0.046007 0.039497
6 0.313657 0.471246 0.048611 0.037543
6 0.612847 0.404188 0.044560 0.041450
6 0.549769 0.368164 0.049769 0.026693
11 0.526765 0.467773 0.051215 0.048394
9 0.693866 0.589735 0.054398 0.041884
9 0.446615 0.529514 0.051215 0.039497
0 0.774595 0.423503 0.039352 0.044488
0 0.781973 0.330729 0.035590 0.042535
0 0.858796 0.270074 0.044560 0.035373
0 0.455150 0.349392 0.047454 0.036458
0 0.341291 0.375109 0.048900 0.038411
1 0.553675 0.225152 0.073785 0.042318
4 0.364294 0.284831 0.065972 0.045356
