3 0.715278 0.134223 0.050347 0.041450
6 0.297454 0.150391 0.043403 0.036892
6 0.541667 0.147244 0.046875 0.037109
6 0.304253 0.212348 0.044850 0.033203
6 0.457899 0.205404 0.049479 0.033203
6 0.552662 0.272569 0.046875 0.032552
6 0.560330 0.384983 0.051794 0.032552
10 0.708912 0.275825 0.063079 0.045139
8 0.291956 0.327257 0.052662 0.039497
2 0.463397 0.329753 0.062211 0.039714
0 0.866753 0.209093 0.040220 0.034505
1 0.872396 0.396810 0.054398 0.038411
7 0.373119 0.398980 0.055266 0.037543
6 0.537760 0.467231 0.042535 0.031250
7 0.627749 0.580946 0.055266 0.037760
9 0.871383 0.575738 0.063947 0.045139
