6 0.684896 0.527344 0.060185 0.044271
6 0.762008 0.530165 0.055266 0.040799
6 0.849392 0.525608 0.061632 0.047743
6 0.604745 0.524631 0.056713 0.038845
6 0.528067 0.528320 0.053241 0.058811
6 0.457610 0.525065 0.047164 0.037977
6 0.370226 0.528754 0.048322 0.048828
6 0.297309 0.526476 0.063947 0.040799
0 0.296730 0.237630 0.065104 0.039931
0 0.373843 0.234484 0.043403 0.035373
0 0.452112 0.236328 0.050637 0.033420
0 0.527488 0.233507 0.042245 0.040799
0 0.594329 0.228950 0.043403 0.033420
0 0.685475 0.226345 0.059028 0.029948
0 0.760127 0.222222 0.046875 0.030816
0 0.845775 0.225369 0.046875 0.046224
1 0.293113 0.173937 0.057870 0.049696
1 0.846933 0.148112 0.054398 0.045356
2 0.359954 0.173394 0.046875 0.046875
3 0.457610 0.171224 0.054109 0.042535
4 0.533565 0.164388 0.061343 0.059679
5 0.611979 0.157118 0.059028 0.055990
3 0.691551 0.161241 0.059028 0.044271
2 0.760706 0.156684 0.057870 0.055122
7 0.299624 0.589844 0.063947 0.046007
8 0.379196 0.587131 0.056424 0.038845
9 0.453848 0.585286 0.051794 0.042535
10 0.529803 0.591688 0.059028 0.038845
11 0.604601 0.586263 0.047164 0.049696
9 0.690249 0.588433 0.059317 0.041450
8 0.760706 0.595269 0.060185 0.053385
