1 0.536169 0.277127 0.047454 0.039062
0 0.681279 0.286024 0.040220 0.032552
0 0.696181 0.467990 0.039352 0.028863
1 0.533709 0.464518 0.044271 0.035807
4 0.611545 0.527995 0.051794 0.037760
6 0.780093 0.401910 0.045139 0.028212
9 0.614439 0.407335 0.047743 0.039062
6 0.386429 0.403103 0.039062 0.030599
6 0.462963 0.346029 0.039352 0.030165
6 0.381655 0.342231 0.039931 0.031250
6 0.382957 0.276476 0.040799 0.032552
6 0.451823 0.227865 0.046007 0.032552
6 0.773582 0.272244 0.047743 0.034505
6 0.690249 0.338976 0.049479 0.028646
