6 0.615885 0.156141 0.044850 0.033637
6 0.706308 0.162543 0.043981 0.033420
6 0.533565 0.225694 0.043403 0.036458
6 0.376157 0.400065 0.043981 0.030599
6 0.385561 0.277778 0.040799 0.033854
6 0.692853 0.404731 0.044271 0.037760
9 0.771557 0.578016 0.057002 0.034505
9 0.863426 0.280273 0.050347 0.040148
8 0.528067 0.464084 0.046875 0.038845
0 0.528935 0.336480 0.041667 0.031467
0 0.770110 0.331706 0.044271 0.030599
0 0.614439 0.521267 0.044271 0.030816
0 0.699508 0.458659 0.047743 0.031901
2 0.619647 0.272678 0.047743 0.037543
