6 0.385127 0.236003 0.043403 0.035807
6 0.322049 0.297852 0.039931 0.031901
6 0.398293 0.411458 0.039062 0.025608
6 0.399161 0.527995 0.040799 0.028646
6 0.537905 0.518772 0.035880 0.029297
0 0.702546 0.466037 0.038194 0.030165
0 0.466435 0.467665 0.035880 0.029514
0 0.560041 0.225152 0.037326 0.030599
0 0.693576 0.232096 0.039352 0.025391
3 0.846788 0.405707 0.059317 0.039714
8 0.548900 0.466037 0.050926 0.036241
8 0.459201 0.235569 0.039931 0.040148
2 0.539497 0.337023 0.040799 0.033854
2 0.701244 0.288194 0.042535 0.042101
