7 0.290654 0.589627 0.055266 0.043403
7 0.857639 0.590603 0.057870 0.045356
9 0.455729 0.582248 0.048611 0.036458
10 0.529369 0.587240 0.056424 0.042535
11 0.606337 0.586697 0.047164 0.049262
9 0.686632 0.586697 0.057870 0.039280
8 0.760272 0.593641 0.041956 0.037543
6 0.761574 0.518121 0.044560 0.040582
6 0.846354 0.519206 0.043403 0.038411
6 0.689236 0.465386 0.052662 0.033637
6 0.526042 0.480143 0.047454 0.029731
6 0.436632 0.483181 0.044560 0.033637
6 0.376157 0.473307 0.042245 0.039497
6 0.307870 0.474718 0.052662 0.034505
8 0.536024 0.410699 0.051215 0.052300
6 0.606337 0.356337 0.039641 0.040365
0 0.444010 0.343099 0.040799 0.043403
0 0.338108 0.373589 0.050058 0.031467
0 0.777344 0.322374 0.044850 0.031467
0 0.849682 0.265082 0.044850 0.033637
0 0.683883 0.224718 0.047164 0.041450
0 0.595197 0.232096 0.043403 0.034505
0 0.524740 0.232096 0.050058 0.042318
4 0.357060 0.282878 0.080440 0.039280
3 0.455729 0.168403 0.048611 0.051215
3 0.695168 0.162543 0.040799 0.059028
2 0.757523 0.154622 0.042245 0.055339
2 0.359086 0.171441 0.057870 0.049479
1 0.291377 0.171441 0.053819 0.055122
1 0.845052 0.148763 0.046007 0.051432
5 0.604890 0.152669 0.055266 0.057075
0 0.773438 0.416992 0.039352 0.027561
