6 0.791088 0.597005 0.043403 0.029948
6 0.459635 0.569878 0.048322 0.031684
6 0.301649 0.581706 0.052951 0.037109
7 0.694589 0.400391 0.052951 0.045139
4 0.706163 0.467231 0.054109 0.034288
0 0.563223 0.466797 0.048322 0.029948
1 0.452402 0.454644 0.052951 0.041667
2 0.784433 0.333876 0.059028 0.038845
0 0.639757 0.271484 0.054398 0.031684
0 0.715133 0.201931 0.050637 0.029731
3 0.473958 0.332682 0.052662 0.036458
5 0.439091 0.197374 0.065683 0.044922
10 0.883536 0.133138 0.059317 0.044922
8 0.309462 0.145508 0.061632 0.038845
