4 0.293547 0.467014 0.051215 0.034288
9 0.457031 0.465712 0.046007 0.036892
6 0.383391 0.402778 0.041667 0.031250
6 0.380353 0.342231 0.040799 0.033854
6 0.458333 0.345161 0.048611 0.031901
6 0.779080 0.402778 0.053530 0.032552
6 0.382957 0.276801 0.049479 0.034505
6 0.449363 0.229167 0.047454 0.035156
6 0.653935 0.161024 0.043403 0.035156
6 0.691117 0.341580 0.047743 0.031250
1 0.546007 0.229926 0.048611 0.042752
1 0.865596 0.202691 0.044271 0.042101
0 0.679253 0.283529 0.044271 0.036241
0 0.696904 0.467339 0.042535 0.028863
